z------------------------------------------------------------------
[[-11.6572405 ]
 [ -3.14328753]
 [  0.77536186]
 [  9.92020064]
 [  7.36490137]
 [  9.70180679]
 [ -4.87382099]
 [  9.50913578]
 [-13.01104737]
 [  7.25820899]
 [  8.16993125]
 [ 16.27325428]
 [ -5.1497968 ]
 [-21.53196794]
 [ -1.36357702]
 [  7.46209023]
 [ 10.32515558]
 [ -9.90181694]
 [ 14.88283004]
 [ 10.78057151]
 [ 10.42731434]
 [ -9.73724759]
 [-12.24332331]
 [ -7.4850172 ]
 [ -1.83641549]
 [  1.48276324]
 [ 13.50316694]
 [ 16.3772134 ]
 [  1.43819674]
 [  0.62306936]]

z------------------------------------------------------------------
[[-3.72526058]
 [ 0.75279083]
 [-1.40592332]
 [-0.2451788 ]
 [-1.64615683]
 [-3.49061649]
 [-8.53217923]
 [-3.90560867]
 [ 4.89605276]
 [-1.96443363]]

z------------------------------------------------------------------
[[-3.72526058]
 [ 0.75279083]
 [-1.40592332]
 [-0.2451788 ]
 [-1.64615683]
 [-3.49061649]
 [-8.53217923]
 [-3.90560867]
 [ 4.89605276]
 [-1.96443363]]
